56

ἕχον 1111111111 1111111111. 1111 1111111111 111 111
11111111111111 ,11111111 111 1185 111 sq. 111 1η-
11161τ 111 σοφὸς 111 φρόνιμος mito 1111911111,- ιΙῘο
- (1185 b. 1⁰); 1111111 11111 11971111-11 μοι
111 φρόνησις 11111111 1111 111111 11111111 inflent
1111111, 11111 111 ἐπαινετὴ 1111 1198 a. Ν affl
1111) 11111111 1111111111 111. 1111 1811111 ,111 φήσας·
111111 11, 1111 111 dom} 1111111111.’ 11111111 m m
111111 111111111111111 111 1111111111 aliqud
111111111111111 11111111111111 1111111111, 11- lm 111
1311111111 1111111 1111111111, 111111 11111111-11 aq
111 111 111111 111 111111 111111 1111111111 11111, 111
11111 1111111, 11111 111 βέλτιον τῆς 1111111111 111.
111111 11111 1111 11111 111 111111, 111 11111111 111
βέλτιστον 111 11111111 ἀρετὴ 111 11111111 11111111. ss·
111111 11 111 111111 1111185111 1111 Clu m·
1111111111 1111111 11 111 1111111111111111111111111111111
· 11 1111111 111 111 Μ. 1191 b. 11 1111111111 1111 W
· bie φρόνησις ,,ἇρετὴ τοῦ ἑτέρου 1111111 τόν λόμ
1111111115 11 11111 11111 1111 ἀρετὴ 1111 zeonem
111 11111113 ,11 11111 11111111 aud) 1111111 11111 eiu
1111111 τοῦ 1111111111κοῦ 1111111111 [tint 111111 M
1111111111 111 &advoca 1111111111, 11111111 111 unq
11111 111 dom] διανοητικὴ 111111 11111111
31 1111111111 111 1111 11111111 1111111111, 111 e!
11. Μ. 111111 11111111 111, 1116111111111111111111111κ
1111111111, 11111 111111 11111 1111), 1111111111 ihm
1111111111 1111111111 1111111 11111 11111111. &m 111
1111 1111111111 31111111111111 11 1, 35 1111111111 jun
11111 1111 1111111111, 111 1111111111 &numbram
mit 111 1111111111111111111111 gu 1111111111. 111111
111611111111111 1111111, 11 111 1111111111 111 111αή

 

