54

111111111 [111111111111111 11111 1111 111111 1111111111.
mab 111 terminus προςὸεῑσθω 11111 111111 “mm
(1184 a. 1-11) 111 1111111 111111 1121211. 141
1213 b. 11 1111111111 111 11111111 (11 111 1111111
1208 b. 11. 12091. 1111.) 1111111111, 1111111 1111
1111111111 1111111 11111111 11 1111111111, 11111 Μ
1111111 11111, 111 1111 1111111111 11111 11111 1111111111 111
111111111111, 1111 1111111 111 1111111110111111 ὅγ’
11111111 111111 1111111 1111111111 111. ·- 111111. p
111111, 1111 111111, 11111111 11 1111111 111111 11111 111111
111111111111111111111111 1111 111111111111. m 111111 ·
ma 111111111111 11111 11111111. 111 111 11111111,
1111111111111111111 111111111111111111, 111 vn, 123 1111
1111 11111 1111 111 1111111 1111111111 111 amoma·
(1244 111). (1111 1111111111 111 111 Μ. 111. 1111 111,
11111111111111111- 11111 111111111- 111 18111111
1111111111 11111111 (v. 1244 b. 1.1. 1245 a. ¹⁸),
111 111 11111111 1111111111 111 εὐδαιμονία· 1111111111
111 (1141 11111111, 11111111 ’1111111 Ι11111
111 1245 1111). 611111111111111111 12141.
11—27 11 111 1111111111 Dae ,111 ἄνευ 1111ιι [lon 11
1111111111), 11111111 1111111 111 1111111111 18111111·
1111111 1111111111111111111111111111111 11111, 11111 11161111
11111 11111111 1111111111, 1111 Ν11.111111 ’11111111 „01¹
nqogoedyew (πρὸς τὸ 111111 1111τᾶ1111ιᾶ1). Die Q·
1111 abet, 11111 1111 11111111. 1111 11111111, 111111
1111111111113 111111 1111 111 (111111111111111111111
111. 1. 11. 111 (1111111 111ΡοΙ. 1111, 8. Qu! ’1111
11111 11 Eud. 1111111111, 111-1111111111, 11111111 111·
1111111111, 11111 1111 111 1111111111 11 11111, 11111 111
11111111 1111111111 gu 11111111 11111111111111111111111,
1111 1111 111111 111111111 1111111111 111111111111111 111

 

