ι

42

1111111111, 111 iu 111 Nic. 11111 111 1111111111 1111111111
1111111111111111 111 in 111 11111 111 1118111111.
111111 1111 11111 1111111 111111, 1111 iu 111 Pom 1. 18.
1118 a. 21. 11811. w. 1288 a. 11. 1311 b. n
cet. 1111111111111111 111 11111111 1111111111 111 1111111
1111111111. 111111 111111 1111111111 111 11111111 M
11. Μ. Ι, 34 111 111111 ia 111111 111 1111111 Mt
1111111111 11111111111111111111 (111 111111 Mb 111
111 1111161111 11111 1111111111111111111111111
111 111111111111111111111111111111111 Ι, 2 111131
111 1111 11111111 1111 111111 1111111 118311. Ν m
11111 1111111111 1111111111 1111111 11111 11111 1182 11.
11111111111111111; 111 ἀξία 1194 a. 11 1111111111 11111
111 1111111111 111 11111111). 11111 111111 11111 0111111·
11111 111 111 111111111111111 1111111111 1111 1111 1111111-
111111111111111111111111111111111111 11111111 1111 1111 11111111
11, 111 11111111 11111111 in 1111111 1111111111 1111111111
(1197111) 111 11111 in 1111111111 1111111 a·
11111111 1111 11111111 111 11 1111111111, 111 111 ffl-
111 1111111111111111ςᾶγα1111 1199 a. n-b. 11 111
11111 1111111 1111111 1111111111 (11111111 in 11111 Smne,
111 mit 111 diuam 11111111111111) 1111 1111 11911 b.
11 in 111 1111111111 1111111 11111111111111111 11111111
11111, 111 11111111 ’11111111 111 1111111111 11151191
h. 11-11 1111 11111. 11-11 111, 111111 111111 111 Qu!-
11111 111111 1111111 11111111. ’Ἴ 1111111 ’11111 1111111111

-aa--u-——nn-n—n·

’1111111113 1111111 111 terminus κατ’ defu-v 111111 flu
1111111111, aud) 11 111 1111111111 111 φιλία 11111111111111,

”) 1111111111 ἀγαθὸν 1111111 11, 9 in 111111111111
1111111. vu. 15 1111 111111 11111111111111 11111111 »ou 111
&inm 1111 1111 111 11111111 11111 1181 1. 11.

 

