55

11111 1111 111 61111 111111 1111111111 11 111 fo 1111
111111111111111111, 111111 1111 11111111 111 111 111 Μ.
Μ. 11111111111111 8111111111 1111 1111111111111111
11111111 1111111111 1111111115 11111 111111111111811·
1111111 111 1111111111 61111111111111 11111 1111 1111
11111 1111111111 1111111. ,1811 111111 11 1111111111 mit
11111111111111111 1111811111 11111111111111 1111.
- (1111 11111 1111111111 111 111 1111111 11111111 111111·
11111111111111111 Μ. Μ. 1111111111 1111 1111 111 1111
1111111111 1111111111111 11111111 111111 benten 1111 11111 ·
1111 1111 1111111111 111 61111111111111 1111111111
11111111.

§Die auffdssigfien 8111111111 11111111111111111
11111111 1111111. 1111 1111111 {Mt 111 1111111111 111
1811111111 111 1111111111 11111 1185 b. 1-111111
111111 ist, ,11181111111111111 111 ἄλογον 11111 1115
1111111 111 11111111 111 11111111, 11111 11111111 111 1111111
111111 1111111111, 111 111 11111111 11111 1111111 111
111111 111. 1111111111111 111111 usus 111111111111 -
1111 18111111, 1111111 1111 Nic. 111 Eud. ἀρεταὶ διανοη-
τικαὶ 111111 (11 M. M: 11 35), 11111 1111 1111111111
111111111111111; 11111 1111111 111 11111111 ἕξις 1111111
1111111111 111 111111111 1111111111. 1111 1111 1111111
ἀρετὴ 11111111 1111 11111111 11111111111111111111111111
111 Μ. Μ. 111111 11111111 111 11111 11111111 11111111
αἱ ἀρεταὶ αἱ τοῦ ἀλόγου (1186113) 11111 ἡ ἀρετὴ
ἡ ἠθική (11851.11); 1111 11111 1111 ἁρετὴ τοῦ
θρεπτικοῦ 1185111-11 111111 1111111111 11111, ..11111
11111 ἐνέργεια 11111 1111111111 1111111111 111 ”, 11 11111
111111 11111111111111111 1111 1111111 11 1111, 111 111
18111111 111 ἀρετὴ 11111111 11111 1111111111 1111111111
1111. 11111 111111 11 111111111111111111111111111

 

