61

1111111111 (1191 1. 1-11), 111 1111111111 11111 ffic-
11111 111 11111111 1111111111 mit 111 1111111111
2111111111111111111111. 1111111 1111111111 1111 1211
1. 1111, 111 111111 1111111111, 1111 111 111111 111
τέχνη 1111111111 ,(111 stt 111 τέλος ,111111 {n bet ἐνέργεια
11111, 11111111 11 1111111 ἄλλο 11, 1111 ἔργον, 111), ale
1111111111 11111 11111111 111 {mm 1111111111 1111
12011 1. 11-11, 111 1111111 111111 1111 111 1111111111 111
1111111111 111 111 Genus 1111111111. 11111111 1111111
1111111 1111111111 111111, 111111 11111111 11111111 Ue·
1111 111 11111 11111111 111, 111111 111 1111111 1111.
1111111 6111111111 11111111 1111 1111 11111111 111111
111111, 35, 11111111 1111 111 111 11111111 1111111111
in 1111111111 1111111111 11111, 1111111 1111 1111 1111111111
11111111 111 1111111111 1111111111 1111111111 111111 (1196
b. 11. 11971. 21 sqq.). 1111111111 1111111111 1111·
111, 111 135 in 111111 111111111111111111111111
11111, 1111111 111 M Μ. 1111111111111111111, 1111111
111111 111 111 111111 11111311111111111 11111 1111111111
1111111111, 111 111’1111111111111112111111111 111
1111111111. 1111 11111111 capp. 3 1111111111111
111 1111111111 1111 111 111111111111 1111111 11 Μ. 1111,
35, 11111111111111111111 1111111111 1111111111 11111
111111111111. ·- 1111 1111111111 111111111111111
111 1111111111 111111 11111111 111 ιοιητιιιὴ zm. 111
End.. (1216-1.11. 1221 111. 1227 11111 opp.
11111111 &mm 111 11111111, 1111111 Arist. 111111
1111, 111111 111 11161. 1. 1. 1025 b. 11 sqq. 3 cf. 111
1111111 11111 1111111 1111111111 1341 b. 1.

·· Cim 11111111 111 6111111111111111111111 1111
11 11111111111111111111111111 111 1111111111 11111 1111,
111111. Μ. 11111111 111 11111111, 1111111111 11111 111

 

