39

1 sq. 1111111111111111 1111111111 111 11111111 1111 11111111
11111111111131111111111111 1111111111111111111111111. 19111
1111 1111111111 11111111, 11 111 11, 1 111 11111111111111 111
11111111 1111111. 6111111111 11111111 111 11 ὁαὶνανα,
11111 1111 11111111 111 111 ἐπιείκεια 11, 1 11111111, 111
1199 a 1111111 1111 εὐγνωμοσύνη 1111111111111111,
2111 3 in.) 11111111 11 1111. 11111111111 11111111 111
1111111111 111 111111111111111111 11111 111111 3111111111
1111111 1111 11111111111111111111 1111111111111111111 διάνοια
11111 ἐπιστημονικὸν 11111 111 1111111111ίὶ1) baben 11111
&nine 1111 11111 311111111111111 11 111 σοφία 1111
φρόνησις. &nb 11111 111111 1111111111 11111111 111111
1111111111 111111, 11 111 1119111111111111111111. 1111
1111111111 1198 b. 1-111111, 11111111 1111 91111111 11
111111 1111111 11111111 111 1111111111111116111111111 1111
11111 11111111, 111 111111111111111111, 1111 1111 11111 111
Nic. 11111111 111111 1111 (5111111111111 (Vl, 13) 1111
11111111 111111. 111111. M. 1111111111, 1111111111-
σύνη 1111111111111 111111 111 φρόνησις 1111111111111,
1111111111111 1111111, 11111 1111111111 1111111111111111111;
11111 1111 1111 11111111111111 1111, 35 mit Nic. Vl
1111111111 11111, 111 11111. 111 111111111111111111 111111· ’
1111111111 111 1111111111, 111 1111111111 1111111111
111 111 11111111 11111 111911111111111 1111 1111111111
mein 111111, 11 11111 11111111111111111111111 111111 111
11111 1111111111 111 11111111 1111111 1111111111 111 111
111111111111111111111111 11111 11111 Nic. 91, 10 1111111111
111111 1111111111 1111 Μ. Μ. 11, 3 3 11111111111Ν11111111
1111111143 a. 1111111), 111 11111111. εὐγνωμοσύνη
1111111111, 111111 111 11111111911111111111111, 11

111 adj. 1111111111 1111111 11 1111111. 11111111 1111.
11111111 111111 31111111 11 11111111 (11111111111111

 

