11

1111111 1182111 1113111. 1111 ι. 11. 1111.
11111 11. 1211111111 11871. 11 1111 11111, 111
11111111 1111111 1111 111111111116111111 111111, 1111
1111 1111111. 1111111111 111 111111) 1111111. 111
111 111 111 111111 1311111 1111111, 1111111. 1111111
111 111 111111 (1229111 111 1131 a. 1) 11111111
1111111111 11111. 111 11111111 111111 1111 11111111
1111111111 11111111, 111 1111111111 111 111111 111
11111111111111 11111111111111111 111 Μ. M. 111111
111111. 311 11111111 1111, 31 11111111 11111 111 1111111
111111 1111111111 Gau 1111 111111 1111111111 111
,111111 1111111111 1111111111 11111 11111111 1111
nodum 11111111. 1111 1111111111 111 ι·- 111111111 11·
1111 -· 11111 ; 11111111 1111111111 11111 111 111
1111 1111111. 1111111 11111111111111111111311111
1111, 111 11111111Ν11. 1111111111111111111 1111
1111 1111111 1111111111 111 duim 1111111111 ⁴) ὓ
11111 1111 1111 11111111 111111 (1111111111 1111
11111111 111111111 111 111111 111 111 1111 11111111
111 1111111111 ’1111111 11 1111111 111 6111111111 11
1111111 11111111 1111111111 111111 1111111 1111111. 1111

·) 11 11111 1111111111. 11111111 11 11
111 1111111111 1111111111-111111111111111 - 1111
1111111111 11 111 1111 (111. 111 1111111, 111 1111. 11. 111
1111111111 111 111111 111 ἕξις 1101111111 1111 11111111.
11111111 111 1117 a„ 1111 1111111111 11111111111ξ11 111111-
1111κῆ 1111111111 1111111111 111117 b. 11. 1111111111111111
1111 1111111111 111 111131111111111111111111111 111
11111 11111111 1131111111111 1111 111 11111111111111

1111111 1111111 (ἡ 1111111111πᾶ 16111 1111 11).

 

