51

11. 11. 17 sq. 111 1111111111 111111. b. 11-11; mit
111 1111 111 1111111 1111111111161111 11961.11-11.
11911. 1 11. 1111111 1111 1111111, 1111 ἐφ’ ἡμῖν
1111 1111111 1111 ist, 111 11111 1111111ιί1111 1111111
111111111111, 11111111 1111 1111111 111 ἐνδεχόμενον,
1111111111 aba 111 μεταβάλλον μ1111 τὸ ἐν 1111111111,
111 111111. 11116 b.) τὰ αἰσθητὰ mliv κινήσει
1111 111 ὅσα 11 γενέσει 111 φθορᾷ; 11111111111111·
1111111111 11111111 πρακτὸν 1111111 1111111111 1¹¹ 111⁶
111 1111111111 11111 1111111 11111111 1111113 11 1111111111
11111111 111 1111111111 111 11111 111111 1¹¹ 11111111, 111
11111 11 κινήσει 11. 11111, 1111111 11111111111111111
1111 Mem 11 1111111 111 (111. 1196 b. 11111).
1111, 111 1111111111111 11111111111151111111 111
6111111 1111111111 11 11111111 111111, fo 1111111111
11111 111 Nic. 111 Eud. 1111111111. -

1111 1111111111, 111 1111 111111 111111, 11111
11111111 1111 111 M. M. 11111111 11111111, 111 11111111
11111, 111 1111 1111111 1111111 111, 11111111. 11111 ,
1511111111 11111ῐί11. 911 11111111 111 εὐδαιμονία 111111·
1111, 11111111 1111111 1111111111111111 111 (1111 11 111
M. M.. 1111111 11111111, 11111111 1111 111111 11111,
111 111111 1111111111 111 111 11111 11111111 111 11111111
1111111 111111, 111 11111111. 1111111111 111 111 1111111111
mn 1111 1111111111 111111, 111111 11111 111 11111111
11111111 111 ’1111111111 aues 1111111111 11111 111
W& 1111111111 11111. 1111111111 1. 111. 111111
111 &mmm 11 ἐνέργεια κατ’ bomin: 11 ist 111θί
1111111111, 111 111 11111 1111111111 1111111111111, „
,1111111 gum 11111111 111111, 1111111111 1111111 11115

. 1111 1111111111 1113111 1111111111 111 111111

· 1111111111 (1. 1. 1. 1111114.. 1101 a

 

